0 0 0 0 0 0 0 0 0 0 0 0 0 0 0
0 0 0 0 0 0 0 0 0 0 0 0 0 0 0
0 0 0 0 0 0 0 0 0 0 0 0 0 0 0
0 0 0 0 0 0 0 0 0 0 0 0 0 0 0
0 0 0 0 0 0 0 0 0 X 0 0 0 0 0
0 0 0 0 0 0 0 X O 0 0 0 0 0 0
0 0 0 X O O O O X 0 0 0 0 0 0
0 0 0 0 0 X O X 0 X 0 0 0 0 0
0 0 0 0 0 O 0 X 0 0 X 0 0 0 0
0 0 0 0 X O 0 X 0 0 0 0 0 0 0
0 0 0 0 0 0 0 0 0 0 0 0 0 0 0
0 0 0 0 0 0 0 0 0 0 0 0 0 0 0
0 0 0 0 0 0 0 0 0 0 0 0 0 0 0
0 0 0 0 0 0 0 0 0 0 0 0 0 0 0
0 0 0 0 0 0 0 0 0 0 0 0 0 0 0
MOVE: 10 8
MOVE: 130
IT TOOK: 1.716
-1073741824
_________________________________________

0 0 0 0 0 0 0 0 0 0 0 0 0 0 0
0 0 0 0 0 0 0 0 0 0 0 0 0 0 0
0 0 0 0 0 0 0 0 0 0 0 0 0 0 0
0 0 0 0 0 0 0 0 0 0 0 0 0 0 0
0 0 0 0 0 0 0 0 0 X 0 0 0 0 0
0 0 0 0 0 0 0 X O 0 0 0 0 0 0
0 0 0 X O O O O X 0 0 0 0 0 0
0 0 0 0 0 X O X 0 0 0 0 0 0 0
0 0 0 0 0 O X X 0 0 0 0 0 0 0
0 0 0 0 X O 0 X 0 0 0 0 0 0 0
0 0 0 0 0 0 0 X 0 0 0 0 0 0 0
0 0 0 0 0 0 0 0 0 0 0 0 0 0 0
0 0 0 0 0 0 0 0 0 0 0 0 0 0 0
0 0 0 0 0 0 0 0 0 0 0 0 0 0 0
0 0 0 0 0 0 0 0 0 0 0 0 0 0 0
MOVE: 8 9
MOVE: 143
IT TOOK: 1.704
0